km_10 0.43 0.43 0.29 0.39 0.37 0.41 0.46 0.4 0.41 0.5 0.42
0.42 0.48 0.39 0.29 0.3 0.48 0.48 0.4 0.5

km_base 0.45 0.45 0.45 0.45 0.45 0.45 0.45 0.45 0.45 0.45 0.45
0.45 0.45 0.45 0.45 0.45 0.45 0.45 0.45 0.45

dbscan_10 0.41 0.6 0.57 0.43 0.55 0.29 0.55 0.61 0.55 0.51 0.57
0.58 0.52 0.54 0.49 0.54 0.48 0.51 0.5

dbscan_base 0.55  0.55  0.55  0.55  0.55  0.55  0.55  0.55  0.55  0.55
0.55  0.55  0.55  0.55  0.55  0.55  0.55  0.55  0.55  0.55

2df_10 0.45 0.46 0.27 0.38 0.35 0.43 0.35 0.5 0.41 0.37 0.48 0.18 0.4 0.09 0.32 0.46 0.17 0.35 0.4 0.34

2df_base 0.32 0.32 0.32 0.32 0.32 0.32 0.32 0.32 0.32 0.32 0.32 0.32 0.32 0.32 0.32 0.32 0.32 0.32 0.32 0.32
