2df_10 0.06 0.22 0.1 0.13 0.09 0.21 0.16 0.1 0.12 0.23 0.16 0.16
0.14 0.06 0.07 0.08 0.13 0.05 0.1 0.14	 

2df_50 0.14 0.14 0.16 0.18 0.12 0.05 0.09 0.1 0.06 0.13 0.17 0.15
0.12 0.11 0.11 0.09 0.14 0.14 0.08 0.07

2df_100 0.05 0.1 0.08 0.17 0.22 0.13 0.07 0.12 0.11 0.15 0.12 0.06
0.14 0.08 0.11 0.1 0.09 0.13 0.12 0.14

km_10 0.17 0.15 0.18 0.17 0.17 0.17 0.15 0.19 0.15 0.16 0.18 0.13
0.18 0.15 0.19 0.17 0.2 0.2 0.16 0.19 

km_50 0.18 0.19 0.18 0.18 0.19 0.2 0.16 0.19 0.18 0.18 0.19 0.2
0.18 0.19 0.17 0.19 0.2 0.2 0.18 0.18

km_100 0.18 0.19 0.18 0.19 0.19 0.2 0.18 0.19 0.2 0.19 0.19 0.2
0.19 0.19 0.19 0.2 0.19 0.2 0.19 0.18

km_base 0.19   0.19   0.19   0.19  0.19   0.19   0.19   0.19  0.19   0.19
0.19   0.19  0.19   0.19   0.19   0.19

2df_base 0.05   0.05   0.05   0.05  0.05   0.05   0.05   0.05  0.05   0.05
0.05   0.05  0.05   0.05   0.05   0.05

dbscan_base 0.201  0.201  0.201  0.201  0.201  0.201  0.201  0.201  0.201  0.201
0.201  0.201  0.201  0.201  0.201  0.201  0.201  0.201  0.201  0.201

dbscan_10 0.04 0.06 0.01 0.08 0.05 0.02 0.11 0.04 0.09 0.11 0.12 0.09 0.05 0.05
0.07 0.22 0.08 0.09 0.2 0.09

dbscan_50 0.07 0.14 0.1 0.05 0.11 0.11 0.07 0.07 0.12 0.07 0.05 0.07 0.03 0.02
0.12 0.1 0.1 0.06 0.12 0.08

dbscan_100 0.17 0.2 0.2 0.17 0.18 0.18 0.19 0.11 0.2 0.16 0.18 0.16 0.17
0.19 0.2 0.18 0.19 0.19 0.19 0.19
km_10 0.17 0.15 0.18 0.17 0.17 0.17 0.15 0.19 0.15 0.16 0.18
0.13 0.18 0.15 0.19 0.17 0.2 0.2 0.16 0.19
km_100 0.18 0.19 0.18 0.19 0.19 0.2 0.18 0.19 0.2 0.19 0.19
0.2 0.19 0.19 0.19 0.2 0.19 0.2 0.19 0.18
km_50 0.18 0.19 0.18 0.18 0.19 0.2 0.16 0.19 0.18 0.18 0.19
0.2 0.18 0.19 0.17 0.19 0.2 0.2 0.18 0.18
km_base 0.2 0.2 0.2 0.2 0.2 0.2 0.2 0.2 0.2 0.2 0.2
0.2 0.2 0.2 0.2 0.2 0.2 0.2 0.2 0.2