km_10 0.07 0.28 0.14 0.28 0.41 0.22 0.42 0.22 0.22 0.17 0.18
0.22 0.39 0.32 0.37 0.2 0.39 0.34 0.23 0.3
km_100 0.19 0.2 0.2 0.24 0.22 0.24 0.28 0.22 0.23 0.23 0.25
0.2 0.17 0.23 0.24 0.27 0.31 0.22 0.19 0.22
km_50 0.23 0.2 0.21 0.23 0.17 0.24 0.32 0.22 0.22 0.2 0.25
0.13 0.19 0.23 0.22 0.27 0.34 0.22 0.16 0.22
km_base 0.25 0.25 0.25 0.25 0.25 0.25 0.25 0.25 0.25 0.25 0.25
0.25 0.25 0.25 0.25 0.25 0.25 0.25 0.25 0.25
dbscan_10 0.26 0.26 0.16 0.26 0.38 0.19 0.35 0.27 0.35 0.13 0.29
0.22 0.26 0.23 0.22 0.36 0.21 0.31 0.16
dbscan_50 0.18 0.17 0.3 0.2 0.19 0.19 0.21 0.24 0.2 0.22 0.17
0.19 0.21 0.21 0.2 0.2 0.22 0.3 0.28
dbscan_100 0.2 0.2 0.29 0.25 0.22 0.22 0.21 0.2 0.22 0.21 0.2
0.21 0.21 0.22 0.19 0.19 0.2 0.28 0.26
dbscan_base 0.16  0.16  0.16  0.16  0.16  0.16  0.16  0.16  0.16  0.16
0.16  0.16  0.16  0.16  0.16  0.16  0.16  0.16  0.16  0.16



2df_10 0.21 0.16 0.29 0.22 0.3 0.32 0.14 0.24 0.24 0.35 0.38 0.29 0.22 0.32 0.28 0.2 0.28 0.26 0.38 0.34

2df_50 0.2 0.19 0.2 0.2 0.19 0.18 0.18 0.3 0.19 0.2 0.16 0.21 0.18 0.2 0.26 0.2 0.23 0.21 0.3 0.31

2df_100 0.19 0.19 0.19 0.21 0.16 0.19 0.17 0.19 0.2 0.19 0.19 0.19 0.16 0.22 0.26 0.19 0.24 0.08 0.27 0.24

2df_base  0.22 0.22 0.22 0.22 0.22 0.22 0.22 0.22 0.22 0.22 0.22 0.22 0.22 0.22 0.22 0.22 0.22 0.22 0.22 0.22
