km_10 0.42 0.46 0.46 0.47 0.51 0.44 0.48 0.45 0.39 0.5 0.45
0.48 0.38 0.45 0.45 0.48 0.45 0.38 0.43 0.48
km_base 0.45 0.45 0.45 0.45 0.45 0.45 0.45 0.45 0.45 0.45 0.45
0.45 0.45 0.45 0.45 0.45 0.45 0.45 0.45 0.45
dbscan_10 0.51 0.31 0.5 0.4 0.42 0.48 0.49 0.45 0.64 0.48 0.49
0.56 0.4 0.49 0.45 0.36 0.46 0.46 0.42
dbscan_base 0.464  0.464  0.464  0.464  0.464  0.464  0.464  0.464  0.464  0.464
0.464  0.464  0.464  0.464  0.464  0.464  0.464  0.464  0.464  0.464

2df_10 0.39 0.42 0.44 0.39 0.48 0.47 0.45 0.4 0.43 0.45 0.42 0.43 0.45 0.49 0.41 0.49 0.48 0.49 0.42 0.47

2df_base 0.5 0.5 0.5 0.5 0.5 0.5 0.5 0.5 0.5 0.5 0.5 0.5 0.5 0.5 0.5 0.5 0.5 0.5 0.5 0.5
