km_10 0.18 0.18 0.19 0.22 0.2 0.17 0.22 0.21 0.2 0.25 0.18
0.19 0.18 0.23 0.18 0.22 0.19 0.2 0.2 0.22

km_100 0.21 0.23 0.25 0.21 0.2 0.21 0.22 0.21 0.21 0.24 0.21
0.21 0.23 0.22 0.21 0.25 0.24 0.24 0.25 0.21

km_50 0.21 0.2 0.22 0.21 0.2 0.21 0.22 0.22 0.21 0.2 0.2
0.2 0.23 0.22 0.2 0.25 0.19 0.2 0.22 0.21

km_base 0.24 0.24 0.24 0.24 0.24 0.24 0.24 0.24 0.24 0.24 0.24
0.24 0.24 0.24 0.24 0.24 0.24 0.24 0.24 0.24

dbscan_10 0.21 0.32 0.21 0.28 0.29 0.2 0.25 0.24 0.23 0.25 0.22
0.28 0.21 0.23 0.18 0.25 0.27 0.23 0.28

dbscan_50 0.25 0.24 0.26 0.23 0.25 0.23 0.24 0.21 0.24 0.27 0.23
0.26 0.25 0.25 0.24 0.25 0.25 0.24 0.26

dbscan_100 0.27 0.25 0.24 0.24 0.25 0.28 0.27 0.24 0.26 0.28 0.25
0.24 0.27 0.29 0.29 0.24 0.25 0.24 0.25

dbscan_base 0.3  0.3  0.3  0.3  0.3  0.3  0.3  0.3  0.3  0.3
0.3  0.3  0.3  0.3  0.3  0.3  0.3  0.3  0.3  0.3

2df_10 0.04 0.28 0.24 0.19 0.2 0.26 0.11 0.17 0.18 0.1 0.17 0.04 0.11
0.14 0.21 0.11 0.2 0.23 0.15 0.18

2df_50 0.15 0.14 0.17 0.11 0.19 0.16 0.17 0.17 0.15 0.21 0.18 0.16 0.14 0.15 0.16 0.13 0.16 0.16 0.14 0.11

2df_100 0.16 0.14 0.12 0.16 0.21 0.16 0.18 0.15 0.12 0.15 0.17 0.18 0.17 0.17 0.11 0.11 0.16 0.16 0.19 0.16

2df_base 0.2 0.2 0.2 0.2 0.2 0.2 0.2 0.2 0.2 0.2 0.2 0.2 0.2 0.2 0.2 0.2 0.2 0.2 0.2 0.2
