km_10 0.56 0.57 0.47 0.6 0.55 0.55 0.57 0.6 0.58 0.47 0.52
0.57 0.53 0.58 0.49 0.55 0.58 0.53 0.56 0.53
km_base 0.61 0.61 0.61 0.61 0.61 0.61 0.61 0.61 0.61 0.61 0.61
0.61 0.61 0.61 0.61 0.61 0.61 0.61 0.61 0.61
dbscan_10 0.56 0.38 0.57 0.61 0.39 0.53 0.61 0.52 0.57 0.61
0.46 0.51 0.55
dbscan_base 0.47  0.47  0.47  0.47  0.47  0.47  0.47  0.47  0.47  0.47
0.47  0.47  0.47  0.47  0.47  0.47  0.47  0.47  0.47  0.47

2df_10 0.66 0.66 0.61 0.54 0.61 0.63 0.63 0.59 0.61 0.42 0.54 0.61 0.58 0.4 0.45 0.6 0.48 0.63 0.62 0.59

2df_base 0.62 0.62 0.62 0.62 0.62 0.62 0.62 0.62 0.62 0.62 0.62 0.62 0.62 0.62 0.62 0.62 0.62 0.62 0.62 0.62
