km_10 0.41 0.51 0.41 0.4 0.42 0.46 0.41 0.4 0.37 0.44 0.36
0.34 0.39 0.41 0.38 0.41 0.41 0.37 0.39 0.41
km_base 0.42 0.42 0.42 0.42 0.42 0.42 0.42 0.42 0.42 0.42 0.42
0.42 0.42 0.42 0.42 0.42 0.42 0.42 0.42 0.42
dbscan_10 0.47 0.47 0.51 0.51 0.41 0.44 0.5 0.42 0.33 0.48 0.43
0.45 0.49 0.49 0.4 0.63 0.51 0.47 0.42
dbscan_base 0.468  0.468  0.468  0.468  0.468  0.468  0.468  0.468  0.468  0.468
0.468  0.468  0.468  0.468  0.468  0.468  0.468  0.468  0.468  0.468

2df_10 0.4 0.42 0.43 0.48 0.46 0.42 0.44 0.42 0.42 0.42 0.43 0.37 0.48 0.37 0.38 0.46 0.41 0.42 0.39 0.39

2df_base 0.45 0.45 0.45 0.45 0.45 0.45 0.45 0.45 0.45 0.45 0.45 0.45 0.45 0.45 0.45 0.45 0.45 0.45 0.45 0.45
