km_10 0.29 0.28 0.24 0.23 0.24 0.26 0.2 0.32 0.24 0.26 0.31
0.23 0.21 0.3 0.29 0.2 0.32 0.3 0.33 0.2
km_100 0.3 0.32 0.31 0.31 0.31 0.31 0.31 0.32 0.31 0.31 0.31
0.32 0.31 0.31 0.31 0.3 0.32 0.31 0.31 0.31
km_50 0.32 0.32 0.31 0.29 0.32 0.28 0.29 0.3 0.3 0.3 0.33
0.3 0.3 0.32 0.29 0.29 0.3 0.28 0.3 0.32
km_base 0.31 0.31 0.31 0.31 0.31 0.31 0.31 0.31 0.31 0.31 0.31
0.31 0.31 0.31 0.31 0.31 0.31 0.31 0.31 0.31
dbscan_10 0.22 0.34 0.34 0.2 0.23 0.16 0.28 0.33 0.36 0.28 0.23
0.23 0.4 0.41 0.12 0.36 0.3 0.43 0.39
dbscan_50 0.32 0.31 0.31 0.28 0.28 0.31 0.34 0.33 0.3 0.29 0.32
0.28 0.3 0.32 0.32 0.3 0.32 0.33 0.29
dbscan_100 0.31 0.31 0.32 0.32 0.32 0.31 0.31 0.32 0.31 0.31 0.32
0.31 0.31 0.32 0.31 0.31 0.31 0.31 0.31
dbscan_base 0.3  0.3  0.3  0.3  0.3  0.3  0.3  0.3  0.3  0.3
0.3  0.3  0.3  0.3  0.3  0.3  0.3  0.3  0.3  0.3

2df_10 0.29 0.42 0.34 0.34 0.36 0.21 0.3 0.25 0.28 0.21 0.27 0.37 0.3 0.3 0.3 0.28 0.18 0.19 0.29 0.23

2df_50 0.34 0.31 0.25 0.28 0.3 0.35 0.27 0.3 0.22 0.28 0.28 0.27 0.27 0.3 0.37 0.29 0.32 0.32 0.27 0.3

2df_100 0.28 0.23 0.3 0.34 0.25 0.27 0.26 0.34 0.28 0.32 0.34 0.32 0.34 0.24 0.29 0.29 0.31 0.35 0.31 0.31

2df_base 0.24 0.24 0.24 0.24 0.24 0.24 0.24 0.24 0.24 0.24 0.24 0.24 0.24 0.24 0.24 0.24 0.24 0.24 0.24 0.24


