km_10 0.46 0.41 0.48 0.49 0.46 0.43 0.47 0.42 0.45 0.54 0.52
0.44 0.46 0.49 0.48 0.43 0.49 0.43 0.5 0.48
km_100 0.48 0.49 0.48 0.5 0.49 0.51 0.48 0.49 0.49 0.5 0.49
0.5 0.51 0.51 0.51 0.51 0.48 0.49 0.5 0.48
km_50 0.46 0.48 0.48 0.49 0.48 0.5 0.49 0.46 0.49 0.51 0.48
0.48 0.5 0.52 0.52 0.5 0.48 0.49 0.5 0.48
km_base 0.51 0.51 0.51 0.51 0.51 0.51 0.51 0.51 0.51 0.51 0.51
0.51 0.51 0.51 0.51 0.51 0.51 0.51 0.51 0.51
dbscan_10 0.59 0.51 0.66 0.51
dbscan_50 0.46 0.04 0.31 0.29 0.25 0.52 0.27 0.4 0.51 0.08 0.23
0.07 0.48 0.08 0.43 0.56 0.34 0.31 0.35
dbscan_100 0.05 0.22 0.07 0.04 0.21 0.05 0.06 0.05 0.05 0.05 0.2
0.09 0.05 0.08 0.05 0.4 0.19 0.04 0.04
dbscan_base 0.06  0.06  0.06  0.06  0.06  0.06  0.06  0.06  0.06  0.06
0.06  0.06  0.06  0.06  0.06  0.06  0.06  0.06  0.06  0.06

2df_10 0.39 0.44 0.19 0.32 0.2 0.45 0.29 0.27 0.48 0.46 0.03 0.47 0.1 0.37 0.46 0.16 0.33 0.43 0.42 0.44

2df_50 0.28 0.23 0.35 0.28 0.28 0.38 0.16 0.26 0.35 0.29 0.29 0.27 0.21 0.36 0.35 0.26 0.44 0.26 0.29 0.23

2df_100 0.18 0.17 0.21 0.27 0.18 0.06 0.21 0.26 0.04 0.39 0.07 0.19 0.07 0.38 0.18 0.2 0.32 0.24 0.09 0.32

2df_base 0.08 0.08 0.08 0.08 0.08 0.08 0.08 0.08 0.08 0.08 0.08 0.08 0.08 0.08 0.08 0.08 0.08 0.08 0.08 0.08
