km_10 0.43 0.48 0.48 0.5 0.42 0.45 0.48 0.39 0.46 0.42 0.39
0.48 0.47 0.36 0.38 0.45 0.47 0.42 0.46 0.45
km_100 0.37 0.37 0.49 0.37 0.47 0.38 0.48 0.48 0.47 0.37 0.37
0.37 0.48 0.48 0.48 0.36 0.37 0.47 0.37 0.37
km_50 0.49 0.38 0.49 0.45 0.48 0.49 0.49 0.48 0.48 0.34 0.46
0.36 0.47 0.48 0.44 0.46 0.46 0.49 0.46 0.49
km_base 0.38 0.38 0.38 0.38 0.38 0.38 0.38 0.38 0.38 0.38 0.38
0.38 0.38 0.38 0.38 0.38 0.38 0.38 0.38 0.38
dbscan_10 0.49 0.5 0.53 0.45 0.59 0.6 0.49 0.59 0.4 0.49 0.38
0.59 0.54 0.58
dbscan_50 0.03 0.01 0.18 0.2 0.05 0.27 0.02 0.01 0.07 0.02 0.01
0.28 0.06 0.2 0.12 0.18 0.28 0.01 0.38
dbscan_100 0.0 0.01 0.01 0.01 0.02 0.01 0.0 0.01 0.0 0.01 0.01
0.01 0.01 0.0 0.01 0.01 0.01 0.01 0.02
dbscan_base 0.01  0.01  0.01  0.01  0.01  0.01  0.01  0.01  0.01  0.01
0.01  0.01  0.01  0.01  0.01  0.01  0.01  0.01  0.01  0.01

2df_10 0.29 0.33 0.29 0.33 0.28 0.3 0.47 0.42 0.4 0.35 0.35 0.43 0.3 0.38 0.3 0.18 0.41 0.44 0.28 0.49

2df_50 0.3 0.32 0.29 0.37 0.35 0.28 0.32 0.25 0.27 0.39 0.34 0.36 0.25 0.39 0.4 0.33 0.28 0.4 0.29 0.38

2df_100 0.17 0.29 0.3 0.21 0.3 0.23 0.33 0.25 0.18 0.28 0.31 0.24 0.23 0.33 0.22 0.32 0.2 0.24 0.27 0.22

2df_base 0.19 0.19 0.19 0.19 0.19 0.19 0.19 0.19 0.19 0.19 0.19 0.19 0.19 0.19 0.19 0.19 0.19 0.19 0.19 0.19
