km_10 0.01 0.01 0.02 0.01 0.01 0.01 0.01 0.01 0.01 0.02 0.02
0.01 0.01 0.02 0.01 0.02 0.01 0.01 0.01 0.02
km_100 0.02 0.02 0.02 0.02 0.02 0.02 0.02 0.02 0.02 0.02 0.01
0.02 0.02 0.02 0.02 0.02 0.02 0.02 0.01 0.02
km_50 0.01 0.02 0.02 0.02 0.01 0.01 0.02 0.02 0.01 0.02 0.02
0.02 0.01 0.02 0.02 0.01 0.01 0.01 0.01 0.02
km_base 0.02 0.02 0.02 0.02 0.02 0.02 0.02 0.02 0.02 0.02 0.02
0.02 0.02 0.02 0.02 0.02 0.02 0.02 0.02 0.02

2df_10 0.01 0.0 0.01 0.0 0.01 0.0 0.0 0.0 0.01 0.01 0.01 0.0 0.0 0.0 0.01 0.0 0.0 0.0 0.0 0.01

2df_50 0.0 0.0 0.01 0.01 0.0 0.0 0.0 0.01 0.01 0.0 0.0 0.0 0.0 0.01 0.01 0.0 0.0 0.01 0.0 0.0

2df_100 0.0 0.01 0.0 0.0 0.0 0.0 0.0 0.0 0.0 0.01 0.0 0.01 0.0 0.0 0.0 0.0 0.0 0.01 0.0 0.0

2df_base 0.0 0.0 0.0 0.0 0.0 0.0 0.0 0.0 0.0 0.0 0.0 0.0 0.0 0.0 0.0 0.0 0.0 0.0 0.0 0.0
