km_10 0.03 0.03 0.06 0.03 0.03 0.05 0.03 0.02 0.02 0.02 0.03
0.02 0.04 0.07 0.03 0.03 0.02 0.02 0.03 0.04
km_100 0.03 0.02 0.03 0.02 0.03 0.03 0.03 0.03 0.02 0.02 0.02
0.02 0.03 0.02 0.03 0.03 0.02 0.03 0.03 0.03
km_50 0.04 0.02 0.03 0.02 0.03 0.02 0.02 0.03 0.02 0.02 0.02
0.03 0.03 0.02 0.03 0.02 0.03 0.03 0.03 0.02
km_base 0.03 0.03 0.03 0.03 0.03 0.03 0.03 0.03 0.03 0.03 0.03
0.03 0.03 0.03 0.03 0.03 0.03 0.03 0.03 0.03
dbscan_base 0.0  0.0  0.0  0.0  0.0  0.0  0.0  0.0  0.0  0.0
0.0  0.0  0.0  0.0  0.0  0.0  0.0  0.0  0.0  0.0

2df_10 0.01 0.01 0.03 0.03 0.01 0.01 0.03 0.01 0.03 0.01 0.0 0.01 0.01 0.01 0.01 0.01 0.01 0.01 0.01 0.01

2df_50 0.01 0.0 0.0 0.0 0.0 0.0 0.0 0.0 0.0 0.01 0.0 0.01 0.0 0.0 0.0 0.0 0.0 0.0 0.0 0.0

2df_100 0.01 0.0 0.0 0.0 0.0 0.0 0.0 0.0 0.0 0.0 0.0 0.01 0.0 0.0 0.0 0.0 0.0 0.0 0.0 0.0

2df_base 0.0 0.0 0.0 0.0 0.0 0.0 0.0 0.0 0.0 0.0 0.0 0.0 0.0 0.0 0.0 0.0 0.0 0.0 0.0 0.0
