 0,     2df_base,  0.05,  0.00, *                   |                   ,  0.05,  0.05,  0.05,  0.05,  0.05
 1,       2df_50,  0.12,  0.04,    ------    *   ---|-                  ,  0.07,  0.10,  0.12,  0.14,  0.17
 2,      2df_100,  0.12,  0.03,    ------    * -----|-                  ,  0.07,  0.10,  0.12,  0.13,  0.17
 2,       2df_10,  0.13,  0.06,  --------      *    |-----------        ,  0.06,  0.10,  0.13,  0.16,  0.22
 3,        km_10,  0.17,  0.02,                    -| * ----            ,  0.15,  0.16,  0.17,  0.18,  0.20
 4,        km_50,  0.19,  0.01,                     |     *-            ,  0.18,  0.18,  0.19,  0.19,  0.20
 4,       km_100,  0.19,  0.00,                     |   --*-            ,  0.18,  0.19,  0.19,  0.19,  0.20
 5,      km_base,  0.19,  0.00,                     |     *             ,  0.19,  0.19,  0.19,  0.19,  0.19
 5,    dbscan_10,  0.21,  0.03,                     |-----    * ------  ,  0.16,  0.19,  0.21,  0.22,  0.25
 6,    dbscan_50,  0.22,  0.01,                     |       ----* --    ,  0.20,  0.22,  0.22,  0.23,  0.24
 6,  dbscan_base,  0.23,  0.00,                     |             *     ,  0.23,  0.23,  0.23,  0.23,  0.23
 6,   dbscan_100,  0.23,  0.00,                     |           --*-    ,  0.22,  0.23,  0.23,  0.23,  0.24
