 0,   dbscan_100,  0.13,  0.03, ---- *---------     |                   ,  0.07,  0.12,  0.13,  0.15,  0.27
 1,  dbscan_base,  0.18,  0.00,          *          |                   ,  0.18,  0.18,  0.18,  0.18,  0.18
 2,    dbscan_50,  0.22,  0.09,      ----   *  -----|                   ,  0.13,  0.18,  0.22,  0.27,  0.34
 3,        km_10,  0.33,  0.04,                 --  *-                  ,  0.28,  0.31,  0.33,  0.35,  0.36
 4,       km_100,  0.36,  0.01,                     |-*-                ,  0.35,  0.36,  0.36,  0.37,  0.38
 4,        km_50,  0.36,  0.02,                     | *-                ,  0.33,  0.35,  0.36,  0.37,  0.38
 5,      km_base,  0.37,  0.00,                     |  *                ,  0.37,  0.37,  0.37,  0.37,  0.37
 5,    dbscan_10,  0.40,  0.09,                -----|-   *   ---------- ,  0.27,  0.36,  0.40,  0.45,  0.58
 5,      2df_100,  0.40,  0.05,                     |--  * --           ,  0.35,  0.37,  0.40,  0.42,  0.45
 5,       2df_10,  0.41,  0.05,                     |---  * --          ,  0.34,  0.39,  0.41,  0.44,  0.46
 5,     2df_base,  0.41,  0.00,                     |     *             ,  0.41,  0.41,  0.41,  0.41,  0.41
 5,       2df_50,  0.42,  0.02,                     |----  *            ,  0.35,  0.40,  0.42,  0.42,  0.44
