 0,       2df_50,  0.16,  0.02,             ---  *--|                   ,  0.13,  0.15,  0.16,  0.17,  0.19
 0,      2df_100,  0.16,  0.02,            ----  *--|                   ,  0.12,  0.15,  0.16,  0.17,  0.19
 0,       2df_10,  0.18,  0.06,         ------     *| ---------         ,  0.10,  0.14,  0.18,  0.20,  0.26
 1,        km_10,  0.20,  0.03,                    -| *  --             ,  0.18,  0.19,  0.20,  0.22,  0.23
 1,     2df_base,  0.20,  0.00,                     | *                 ,  0.20,  0.20,  0.20,  0.20,  0.20
 2,        km_50,  0.21,  0.02,                     |   *--             ,  0.20,  0.20,  0.21,  0.22,  0.23
 3,       km_100,  0.22,  0.03,                     |    *  --          ,  0.21,  0.21,  0.22,  0.24,  0.25
 4,      km_base,  0.24,  0.00,                     |       *           ,  0.24,  0.24,  0.24,  0.24,  0.24
 4,    dbscan_10,  0.24,  0.05,                     | ---   *   ---     ,  0.20,  0.22,  0.24,  0.27,  0.29
 4,    dbscan_50,  0.25,  0.01,                     |      -  *         ,  0.23,  0.24,  0.25,  0.25,  0.26
 5,   dbscan_100,  0.25,  0.03,                     |         * ---     ,  0.24,  0.24,  0.25,  0.27,  0.29
 6,  dbscan_base,  0.30,  0.00,                     |                *  ,  0.30,  0.30,  0.30,  0.30,  0.30
