 0,   dbscan_100,  0.01,  0.00, *                   |                   ,  0.00,  0.01,  0.01,  0.01,  0.02
 0,  dbscan_base,  0.01,  0.00, *                   |                   ,  0.01,  0.01,  0.01,  0.01,  0.01
 1,    dbscan_50,  0.07,  0.18, -   *        -----  |                   ,  0.01,  0.02,  0.07,  0.20,  0.28
 2,     2df_base,  0.19,  0.00,             *       |                   ,  0.19,  0.19,  0.19,  0.19,  0.19
 3,      2df_100,  0.25,  0.07,              -- *   |-                  ,  0.20,  0.23,  0.25,  0.30,  0.33
 4,       2df_50,  0.33,  0.08,                   - | * --              ,  0.27,  0.29,  0.33,  0.37,  0.40
 4,       2df_10,  0.35,  0.11,                   --|  *   ----         ,  0.28,  0.30,  0.35,  0.41,  0.47
 5,       km_100,  0.38,  0.11,                     |    *              ,  0.37,  0.37,  0.38,  0.48,  0.48
 5,      km_base,  0.38,  0.00,                     |    *              ,  0.38,  0.38,  0.38,  0.38,  0.38
 6,        km_10,  0.45,  0.05,                     |     --  *-        ,  0.39,  0.42,  0.45,  0.47,  0.48
 7,        km_50,  0.48,  0.03,                     |    -----  *       ,  0.38,  0.46,  0.48,  0.49,  0.49
 8,    dbscan_10,  0.53,  0.09,                     |     ------   *  - ,  0.40,  0.49,  0.53,  0.58,  0.59
