 0,     2df_base,  0.24,  0.00,                *    |                   ,  0.24,  0.24,  0.24,  0.24,  0.24
 1,        km_10,  0.26,  0.06,           -----   * |  --               ,  0.20,  0.24,  0.26,  0.30,  0.32
 1,       2df_10,  0.29,  0.03,            -------- |* ---------        ,  0.21,  0.27,  0.29,  0.30,  0.37
 2,        km_50,  0.30,  0.02,                     |--*                ,  0.29,  0.30,  0.30,  0.32,  0.32
 2,    dbscan_10,  0.30,  0.13,      ---------      |  *      -------   ,  0.16,  0.23,  0.30,  0.36,  0.41
 2,  dbscan_base,  0.30,  0.00,                     |  *                ,  0.30,  0.30,  0.30,  0.30,  0.30
 2,       2df_50,  0.30,  0.03,                    -|  *-----           ,  0.27,  0.28,  0.30,  0.31,  0.35
 2,       km_100,  0.31,  0.00,                     |   *               ,  0.31,  0.31,  0.31,  0.31,  0.32
 2,      km_base,  0.31,  0.00,                     |   *               ,  0.31,  0.31,  0.31,  0.31,  0.31
 2,    dbscan_50,  0.31,  0.02,                     |-- *--             ,  0.28,  0.30,  0.31,  0.32,  0.33
 2,   dbscan_100,  0.31,  0.01,                     |   *               ,  0.31,  0.31,  0.31,  0.32,  0.32
 2,      2df_100,  0.31,  0.04,                 ----|   *---            ,  0.25,  0.28,  0.31,  0.32,  0.34
