 0,    dbscan_50,  0.06,  0.02, - *--------         |                   ,  0.04,  0.05,  0.06,  0.07,  0.18
 0,   dbscan_100,  0.06,  0.03, - *---------        |                   ,  0.04,  0.05,  0.06,  0.08,  0.19
 1,     2df_base,  0.08,  0.00,    *                |                   ,  0.08,  0.08,  0.08,  0.08,  0.08
 2,      2df_100,  0.20,  0.08,    --------  *    --|------             ,  0.07,  0.18,  0.20,  0.26,  0.38
 3,  dbscan_base,  0.24,  0.00,                 *   |                   ,  0.24,  0.24,  0.24,  0.24,  0.24
 4,       2df_50,  0.28,  0.09,                --- *|    --             ,  0.23,  0.26,  0.28,  0.35,  0.38
 4,    dbscan_10,  0.38,  0.34, -----------         |      *          - ,  0.04,  0.18,  0.38,  0.52,  0.53
 4,       2df_10,  0.39,  0.15,           ----------|       *   --      ,  0.16,  0.29,  0.39,  0.44,  0.47
 5,        km_10,  0.47,  0.04,                     |          -  * --  ,  0.43,  0.45,  0.47,  0.49,  0.52
 6,       km_100,  0.49,  0.01,                     |              -*   ,  0.48,  0.49,  0.49,  0.50,  0.51
 6,        km_50,  0.49,  0.02,                     |               *-  ,  0.48,  0.48,  0.49,  0.50,  0.52
 6,      km_base,  0.51,  0.00,                     |                *  ,  0.51,  0.51,  0.51,  0.51,  0.51
